$ANSIBLE_VAULT;1.1;AES256
32646534323331623264343435613162396561366435316364373539323138346230633938363565
3135656463643563663036653962343130613035656632300a343935376365393439306232393538
62393465383565353736633166653964323436353938636237356237376461333166613736333535
6634663963646634390a376237656161313766353332366438653035306630643833626138343233
38363638366130326235646135643234356464393734333437376338373261383137363230343336
36643935343462383035643862346133306564323134613162646131396461363765633564613962
35666339623936623663356138643138626462363163356637303563363064626335643863383230
38366132613462356539363331616438643133323331396630353464653939303662373163643939
39343966336336613639363437373834393565366537346139643733633038613230363738393861
30386432346236316632333939323433313261373734646238633639613435353766376239643633
35386161663066363165373037363534356131343334303861316266373862303135653230316239
64393661353035653766353435383234303965323665396439663835643864643463633838633435
32346166636266386435613465316161383039376561326533303930383137653835363638643563
39643663336337333461393739393930306235623265303964373635653136636161303339376266
35396139376564626562363637613465653865623339383337353532336532353265313864376363
36326362346339356130633633346665663836373462353631313035323861646361363536363365
30666433313235633161663238646233656439613633333735313561336434323631613663653136
31636537386437323236636363333161366436326562663735306231373335613265333931333762
65363432616331646265393562643766626664333565623561613433363431643734666366306639
34643034616165366262366265323531306632623361343264323334323464613263393166366438
36633536656465656230616531336532373263353334366166363861323335396236613463373430
35643536373336383534316635303233386430303665336566326664663936626237383037386432
35393964356665313437396565653230663666333636363032326130343139643065376636386663
61383862303737366561326230663163313031343364633331386665623366323966336638623665
63303937663663666666356235386134633061393764666330613863636439636561626361306331
33306266316537633561663865636634303235643666616334396433373635643033343863376665
62386130616565646332333064626232373636366632353563313231393938396234323365396534
63353236663139643565326164386432623331363430626132626638396537643366646437656232
38623066303063643535376331653335346466363937666439323064653464613666303963326135
64303666636465313663346637353834336364623262626236333261616261663036353034346337
37333861633038616331376163616238336666323661663163316561346464656665333762333864
61626462663737656136303064376232396232656631666236383061333765643732616362663134
62333363383434376562623432303732323638333132653131383836646638333462616162376632
38396432626162373937303064343564366132656135386134373563346332316533326334636131
63363337643932656231343637333061373064653762373032363965663162666538356662303331
33666432353061386535306666393166393130363366613731636334373634313437653164373034
33323965616463363262616137393563333639633531613839333937326134333636653964623434
32333235306466376461313735393330343732633561323035663562383037323361373566303963
39646463363265383438393736363661626132373531653732663539356634336563393564623362
33626538613532386437363761623566343833336439303938386664363237396434643562353465
62376631616537333339656630623833633661336338386137333030663436636235386434363265
37303832353537346638613734333934626436346466333039343135393161343563613563633234
34663364623136623336313631616632363137336438653665363562653838663262306532366132
32373336366530616539333734306136643237383862386230383735356132323736336134336137
62313764653530653139366531333132343033623965353237646266663664656266383238663332
39633135343464373831363836336330353333666563323831616166353535666236366462383939
65313335393237316637663261383937623330306432373038383731326663316332373738646130
37356137376332396534326662326139383438626634383233363331356366666132363461316163
61306164396435633936656663343630646237626663313934373736626534393265643265313431
38666534313538646162383831643364363038383436323962616564633065663139323066346637
62346234363431393630623332396533333433356236343831326539316165313662663237333735
39346463373162646538303838346164623961386330346163313764646463643630393331366630
38626536636566376534663639366336393030656263343436646562623232623438373230376636
35646561613730623866303661383036636434643839643139376639326239633032336634333039
32616431353130643437663333373563366561356634393531666163323834383666396464323231
34663134616536346462326566653037636566356432666633316264613163616539323963663830
31326535376164396637313566333235333030353762346232396438336462653762343565646565
64373738373238303662316263653738623566666136376436653337306461633265643163636364
62383032343633626239336335666230626536343139643437646663616430336566623836373735
62336433666533653038333434326433336531323032623465306166303863373064323234363639
33663536353931363430326161376230336565376636393636623834396539623230386461353830
32316634333062663132313634626130313533316438306530626431383439343739383035316639
61393737303862636532623237313933326166636664373233623737353933363238363031393262
37333332383435336533383734643537356565353032613533303336623035666135333735633362
38373365323636346465306464373465633334363135383065633230663366313436373233636266
35316135643536616533646261366163383438386134383530353732626236663438623331626531
35663362363032363135346631656632363834376236653032383437353566393664343434636431
38306137333665316138323839633838393037383766363639343166663937636436366636333165
37653831356435333663383430623934656335306536396138333562353562623339386235613237
31333837643631363736336563653465366437376466666438323832373632636165346231353033
31626233656461353062633634626363613362323061623337396434376334383765616161346561
64333437393537386665383461656261633863666135633130383930626266653963353961643837
63303033346662373831656535376238393839616465333563383364386362396231316531303839
38626539626234346232633736356535353732353939343934303431656134336633343039646131
38336462303138353533366665373230393465636564633732663564663065323138656134343038
35343161333834653138623230333438616134373461333064306263376566663831366231346163
35333537356338323435626137353436643962633961616337316139356434663564363664343464
32623238626435666136626138633462646163613666653362393734303430383338346264616139
30393262383665366663386237323332326266326164653737663138396561633664366565316237
31613961346366646662333437633563313331353738313961643139643439663537623663333864
39643839383230313634326436613663376634343263313438343735316437396238623937343432
64323939353837613564373162373965346336313264353562623130616366616237643531643639
33303233323238636330383664353830346466616232336431616338306164653065633334376533
62396434363966396635316135353364373038376464396430396366633264663763316630663235
33613266386334393664343934366562353464656363386433363831393139633465323066623964
35306165663666326533653038363330353564383833326236373165613532616136383163653539
62316237646666373866396238393137613638643632353365626231633733653737663865313435
66616661323362373065326661383632656266356162636664646630313938393138383033383761
35663332373933303835386630353330393362303334663337303037636463333164626265306366
63656136653333316264356339346634366439623733306536633264366133343732386131623763
61616639373431626537623438373764626431666662386564353861636264386132356136633132
64643963353366666565633363393136623430633264366535393766393730326233383536306534
35326435346335636662666136313561343261343237613831316464613234626133663136663066
33303538336539303639316439626433306539353739353863343762306239663433316430303933
31616665396135393463303934653835653462313337323939626231333839393565373137636136
38663631313034613939353034666364623532316231623834396330396462393932653836616535
35393932343265643734636664633364366331356333383566643335383832303339653731386561
39656435623235353930396461666164353765333466323466663736343362663266363262306639
65363664336164366131613734636536353236656337323162333565366538623261353665613764
66386132323964363333316135386630326335346163643130326362303862636339386665623237
34376336616362306638663665343862363032636430373134653336653935306663353836333735
36326337366539616165363562326435646431336136393464636664393330323634313738656162
37336530396265613261336339643439386361666131393263346235623930383331366262653533
31613831366632616238633634323731393633336630623935613936633463313734363137363262
32393863653832363831393837346461663836366537653564613864363735313030336530333631
65363461323332303935616665316266373235353333613538303633363637306636333866346135
30663335303435663939376432393930313965336161303766386166663765333266643734356131
31613135396337626366333262313233393961663165336636653961316133363337336566646438
32356230633466653238343564643233623539343463336237643636653262623133303164323962
30346430396438383832653938336530306563303430306435613036313237303166303938326130
64626139646161303337643362636439366162353962306461656265343233323939333865626130
33656265616433363361343732343338666335376264353633383134333064323532366662393964
32363363396437323338616466643861666461393162333437383762313862333032326139636463
31353937323262313831653537623462646563636336623131353362373333373764623534346334
39353162646132346230363364623432313434653464663765393630363530616330633137316333
35383632346331626662393261646530636636663936316638356365643935353533663632343832
31636636353465306265363331383533393035666533663438353061346336333561333066333635
30613265353561636431616234633434373263666164316465343730383366306365343930386132
66353561303636376163313362303662393931643930666131363862616632353536326330646162
36363663366333333134666137333835636465303834323332333939373137616166383739643036
36633861646337316430363030633731666130333866343966656433646535366333663462303565
32373662363232643730396631393335363733333939346137383134343133333763656336343162
38616532383266396138356331616431336533326232633438383362346131623231346463636262
32316463363133386334653761356366613132323866303837613364393832343565313737316633
64373638643438343066353339326336663938633932326363643136343938356462346464653661
38366362626334653366656235323862333437383230363532343839656234663639333661626135
32356165393630373937623732396365626265346364313463613563336165346262653139343633
38393531626565633231626238333931613561363162353136333238386663313264613563313062
38313161326465623737613164666237616336613361303061626461623763336338356433653932
66333437333566636537363664333334303465326137376134313738383332326330353937383332
62316435396135643661356563373332386533653566383863646235386361336365376566663865
39636235616665636262363338643861336661663463653631633737666630316266636131303861
64633861396130343233396435643939396334396463636564616166393733336533326363346366
62656438643662373566623365396637363564313066323264313133356666313939343130643461
64613230306162363337386363613962363665633031383139613163393831363161303034306563
39393633616662376135333165343939636236316161333436336136663935376432356333613737
38353635653637363935633066333838346637333762333735353033393861353537643234303265
64376565383363323264326238663138306363313836336337613366366133326466643233656564
65363231356434363763393235303837616162336137396136646666313464323263366462666539
35626430323538383831363030626132386535343036336261376562376663396364316436363434
30356432323432346161303035613961353066636639343432643361363230616434353139663231
66316139333965653835643038396336613361363664663766646161643933333163323061613139
37643663653963623830636438613930343961623435356164626463646161346466303265393063
62616638643732623765623461653137653265363233653534663266636462663264396461343635
64616333396331396235393164616634303735313162323233663130643162623931343131376237
33386436656262613530633738386434346434353966613035636331663637653161363665313265
64393331343563353434656463653537613136386433396636663739386634333762366239363138
66303764393630373530643233326366316261363836303235396438363934656138333332633035
39376363336334383739306465346563323065623136613162616430343439386534343866383038
32393737363464613965396635393964333133326234386263353139343766383838666133326630
33303561383763316437663734383534666163386262613632343933386431353533303331356461
31653466663362386632343762666462373134653837643838333364643937613034636464323361
37363037653866343739356136613631343930356266383431663661313734393137346332303735
64383335346530663961633533623564383537386138666666626532333030623961636335393231
33663563656662623066396665306535353236326435633766653138636366613966663738663436
61306238303165623462613666613039636538356531633337393630613530393163336465623132
30353061346264373535363530636431626431396163643763306361323164386331326637323230
34393435303163383536666362653930623564356162666335376236343362323564613461376238
33663032343065303564373132313933393930663130633437363363326430353964353964326434
35356366383734643533626162623132363164376337303739333931653062336431623962636135
38613865306236643965633332393130316232666164303765613536336330613236343266643034
37643161363338663130336239633739386138643130353665396532363965613531623332643263
35313965316336613139613937343034316564626661613835643531636365363162356264333238
63303566343038613737383037353834303439363437386235633262306635306336373631363032
39353835656366353231336261353534653964313262633161613431623838636361366332373030
31393533613532353530396362663962376432396166393466393365613537643664303039623566
38613131663736356533386166303366393434383535373161356663323839636131333737313162
34346466336530356239656638633631396437653263383734326637663466633163323464306638
30373164346465336133336633363961616632373865376138363366313564323939636636666237
66373737333662343933633832376165393965373933376462643738323566396130336130353334
37373832386137376161366630333730323131313033666561353239306332326439653536313366
30666464343331666230633031656430353932643634336330396165303337373534316363313134
64646265363837373339616133356333393562656330643463613239383965633366363762336636
65396663363234346637633465363166653962353338633139633130653565616532613965353334
36323139356465623738313561363266353965616464623133656461326437343337646665613036
36333135373431393437326164343433623664643364656335626665323634323333636461393032
66643764323162353730663265623238356437633337643533383566313238303363663534326463
31636637353039363161343661313863353230636465393965306534316239613239626230383730
62663036383230646538633764386230306136653733656461393937373134623764613862663032
35656138613937616165653631326636333631386232323161323665383238393135313138333330
34383661326266386338346136346336656365306237303764323933313061663939633764336134
62613937393239663365393464626133376662323538303261393462306237323630306164396333
35326336663532653234376464633637623438386561396238343230383465626238653137653266
62663433313963306236316138353061376132663330366163386233666630613130666366633635
37383231313839366335623536353330363932333239326335616439646136323431666232313239
39343935303035616137303735343236613731633833653733303935313361623732303130396637
36303837333736363434643434643730643362646364653639363830623135623937636434333635
62356539666637343961613763383633323937306334306334663038306462363036666164626565
30316465666332653065653038363336623738303331356436646435323366653834633730353937
62636639633037386339376365393761353336663334666362646139366638613931303962626664
66396232396566616362323232326233376663323761383434643132343034396537323432623939
30386632613864383633666463316537326635383566646363663635323464353364376361353834
32353635353061333736663239653136313431313335333764626231653666363166626464646237
34653831623235363762323035666665633138393533343131613435633338343364356532633534
63356535653836323731333235323061396235313666396263313937343036386232383437326461
66393339306638326663633239616132623133643330363538643662366466326434303434653966
62313461313761633436656362373539386265356536653635306436633162386335313264626463
65643262663765316239333536613830386238633931353166386662393234646666653734653566
37643331316361316436383530656231643831626331636335633161623734616533326162656664
36373664373164323830316364626563636236363436646534326463333633643734326665386230
35373462613737303939333238643265333662613066393439383766363066613433613337633232
66306631343437343831616366346435393461343736636234313730623330393736643963363935
62313062366262333833346365393735383637343734313531313463666533613264666533666639
38386661363564613833646431393531346231386239316465333131613839663033633730313032
61313235626136343664363635333635626562313034646233633231326635353537326539623663
66636433653431343065323933626261326163633161326233343564383830323331666239663961
63343933346136643338363538393164316333663663313032323464663432393638383135363933
35663232303930656535613835306137653533613631306264613064346564306566643733643365
63353462663166323137653139613465363161366334373138653531643336383664356361326135
39383365613238646364353866383662323463353537363366393032323336343332333134386638
61643463616563623433636237643536653634346131326236653433343830663863626231393931
63613336643137613634353138393237626661666664333734613365373939353935366434326539
63303237633138383134623735396630633836653631383837643636613637303137666632306435
65336133333266326639323333623838306462396334373365313433636666373232623065316533
37363730373066636366613464363836626536613430303761376537313663376534356335666632
31633466303533633963653531333238653131383638643737393834663537633762333338613139
65623738666561343634383431306335363664636336663135333561333531326530316335353837
65663036333361653334633037666265313563356131316562613337393435393766616661366233
64393332396464656233343038393163653832306634626264323335363164363036666463656335
64633938313932303162393062613330373231366636353237663837383830303432616235353465
34393230343735346335663634333633643139393264656261356532643639366532343036336362
34396161313362363366343461653865393637313863633631303764383864616534393630623166
33356137616465333233613664323665346563623139643830343761363537636539346366646161
65656430386331313163633438353737343638656465303438343435323330366561363366383765
38323032346466376439303937613733666530363933383235303638326136383237303335376335
37373662633838326430616339646432643038356632636438663765313065626165356234373937
31636536636438353961623461656464333736393339383463356639303765346339373130333832
30653137636230383037333732646166343336393235623666393237616564313331643961373564
65633165656135613836313530393762393266366534323538633032353431363434323764363937
64643430336563653765363532306334386239646435656565363635343231613865326165316464
62623135313465623732356631663130363135363032656564663430663364633164613461613762
33363465626133306261636562386530643834343733356239666335656238363364356233366131
3565
